2008-01-08	 54473.26867	 2.67978	 0.03177
2008-01-09	 54474.28623	 2.72621	 0.06064
2008-01-10	 54475.26352	 2.73857	 0.01634
2008-01-11	 54476.28068	 2.77920	 0.02351
2008-01-13	 54478.27554	 2.79411	 0.06032
2008-01-14	 54479.25242	 2.75665	 0.04896
2008-01-15	 54480.26979	 2.91921	 0.05272
2008-01-19	 54484.25913	 2.81520	 0.06909
2008-01-19	 54485.23624	 2.82444	 0.01985
2008-01-21	 54486.28184	 2.80818	 0.04569
2008-01-21	 54487.23067	 2.97159	 0.04186
2008-01-28	 54494.23204	 2.92394	 0.05930
2008-01-29	 54495.20866	 3.03937	 0.03590
2008-01-30	 54496.22655	 3.09580	 0.02756
2008-01-31	 54497.20341	 3.10518	 0.02953
2008-02-01	 54498.22072	 3.10995	 0.01873
2008-02-03	 54500.21655	 3.12370	 0.02695
2008-02-05	 54502.21138	 3.06461	 0.02027
2008-02-06	 54503.18679	 3.10629	 0.02244
2008-02-08	 54505.18094	 2.94587	 0.03758
2008-02-09	 54506.19928	 2.99962	 0.02417
2008-02-10	 54507.17635	 2.93567	 0.03250
2008-02-11	 54508.19446	 2.97067	 0.03354
2008-03-19	 54545.07234	 2.51692	 0.03898
2008-03-20	 54546.08947	 2.55457	 0.07289
2008-03-21	 54547.06642	 2.57462	 0.03838
2008-03-22	 54548.08362	 2.54396	 0.04321
2008-03-23	 54549.06128	 2.63584	 0.02493
2008-03-27	 54553.05071	 2.66470	 0.04192
2008-03-30	 54556.09676	 2.72471	 0.04902
2008-03-31	 54557.03933	 2.74954	 0.02134
2008-04-01	 54558.05676	 2.74482	 0.05509
2008-04-03	 54560.05156	 2.80128	 0.03207
2008-04-17	 54573.99280	 2.93728	 0.02874
2008-04-26	 54582.96868	 2.99245	 0.05104
2008-04-27	 54583.98647	 3.06271	 0.01836
2008-04-28	 54584.96263	 2.97893	 0.20780
2008-05-03	 54589.96822	 3.07935	 0.01854
2008-05-13	 54599.94531	 3.00449	 0.08125
2008-05-14	 54600.91900	 2.99422	 0.08879
2008-05-15	 54601.93948	 3.04323	 0.01999
2008-05-16	 54602.91377	 3.14640	 0.04220
2008-05-17	 54603.93447	 3.11437	 0.04999
2008-05-18	 54604.90826	 3.18450	 0.02283
2008-05-19	 54605.92896	 3.21980	 0.02017
2008-05-20	 54606.93519	 3.14360	 0.15835
2008-05-23	 54609.91807	 3.21666	 0.01950
2008-05-24	 54610.91340	 3.09117	 0.16806
2008-05-28	 54614.88097	 3.20448	 0.06255
2008-05-31	 54617.87297	 3.40386	 0.04991
2008-06-01	 54618.89350	 3.46105	 0.06133
2008-06-02	 54619.88315	 3.39183	 0.03209
2008-06-03	 54620.88834	 3.38124	 0.04797
2008-06-05	 54622.85928	 3.38914	 0.04300
2008-06-06	 54623.90647	 3.46419	 0.03490
2008-06-08	 54625.87095	 3.45783	 0.03581
2008-06-09	 54626.84821	 3.49871	 0.03373
2008-06-11	 54628.84322	 3.40102	 0.09329
2008-06-12	 54629.86314	 3.58480	 0.03180
2008-06-14	 54631.85731	 3.48392	 0.03439
2008-06-15	 54632.83275	 3.50296	 0.07011
2008-06-16	 54633.85172	 3.42634	 0.10796
2008-06-17	 54634.84937	 3.40274	 0.04541
2008-06-20	 54637.84101	 3.33850	 0.02263
2008-06-21	 54638.81606	 3.28392	 0.02159
2008-07-13	 54660.77641	 2.92305	 0.05965
2008-07-15	 54662.77119	 2.93969	 0.06199
2008-07-18	 54665.74131	 3.00289	 0.01874
2008-07-19	 54666.76134	 3.01691	 0.02354
2008-08-13	 54691.69051	 3.04253	 0.05862
2008-08-14	 54692.67530	 2.97188	 0.05457
2008-08-15	 54693.69541	 2.94882	 0.12552
2008-08-16	 54694.67000	 2.93407	 0.04605
2008-08-17	 54695.69016	 3.00534	 0.09510
2008-08-18	 54696.66446	 2.95091	 0.02185
2008-08-19	 54697.68398	 3.03161	 0.03261
2008-08-20	 54698.65860	 3.01547	 0.03682
2008-08-21	 54699.67991	 3.03095	 0.03951
2008-08-22	 54700.65309	 2.98818	 0.03987
2008-08-23	 54701.67416	 3.01599	 0.02379
2008-08-24	 54702.64733	 3.07376	 0.05987
2008-08-25	 54703.66895	 3.08791	 0.04069
2008-08-26	 54704.64182	 3.13670	 0.01886
2008-08-27	 54705.66272	 3.11517	 0.01916
2008-08-29	 54707.65712	 3.11153	 0.02388
2008-08-30	 54708.63119	 3.04400	 0.02140
2008-09-03	 54712.62045	 2.95366	 0.05769
2008-10-23	 54762.52137	 2.70192	 0.07272
2008-10-24	 54763.48279	 2.70498	 0.02308
2008-10-28	 54767.47190	 2.68839	 0.02803
2008-10-29	 54768.50514	 2.63596	 0.09332
2008-10-30	 54769.46748	 2.68887	 0.04103
2008-11-03	 54773.45863	 2.62111	 0.01641
2008-11-04	 54774.49977	 2.71217	 0.01600
2008-11-06	 54776.49425	 2.65575	 0.02343
2008-11-07	 54777.44771	 2.62127	 0.01651
2008-11-10	 54780.43807	 2.63186	 0.02588
2008-11-11	 54781.47392	 2.61785	 0.01902
2008-11-13	 54783.47221	 2.60763	 0.02046
2008-11-14	 54784.42709	 2.64867	 0.03410
2008-11-15	 54785.46660	 2.62674	 0.02027
2008-11-16	 54786.42102	 2.63314	 0.05665
2008-11-19	 54789.45596	 2.69707	 0.01896
2008-11-20	 54790.40999	 2.70769	 0.01983
2008-11-21	 54791.45030	 2.68854	 0.10172
2008-11-22	 54792.40527	 2.76801	 0.03836
2008-11-23	 54793.44519	 2.78145	 0.01864
2008-11-24	 54794.39948	 2.81799	 0.03399
2008-11-25	 54795.43919	 2.80013	 0.02367
2008-12-05	 54805.41228	 2.91528	 0.01843
2008-12-06	 54806.36685	 2.91288	 0.03559
2008-12-08	 54808.36101	 2.89526	 0.04003
2008-12-12	 54812.35015	 2.95419	 0.02014
2008-12-14	 54814.34469	 3.03027	 0.02366
2008-12-17	 54817.37966	 3.13810	 0.05696
2008-12-18	 54818.33448	 3.11398	 0.06552
2008-12-19	 54819.37360	 3.16636	 0.01895
2008-12-21	 54821.35855	 3.18268	 0.06721
2008-12-23	 54823.35230	 3.23445	 0.06503
2008-12-24	 54824.31758	 3.21748	 0.02970
2009-01-17	 54848.25265	 3.60545	 0.05516
2009-01-18	 54849.28144	 3.68954	 0.07398
2009-01-20	 54852.24235	 3.71771	 0.02144
2009-01-22	 54854.21491	 3.65400	 0.06129
2009-01-23	 54854.27236	 3.78873	 0.28627
2009-01-24	 54856.23281	 3.74481	 0.02297
2009-01-28	 54859.26280	 3.87345	 0.02615
2009-01-28	 54860.22249	 3.79715	 0.06206
2009-01-30	 54861.25750	 3.88278	 0.03806
2009-01-30	 54862.21667	 3.82284	 0.03664
2009-02-01	 54863.25178	 3.94941	 0.03899
2009-02-01	 54864.21061	 3.85975	 0.02673
2009-02-02	 54865.24641	 3.96851	 0.03342
2009-02-03	 54866.20527	 3.97296	 0.02290
2009-02-04	 54867.24080	 4.03122	 0.02360
2009-02-05	 54868.20038	 4.00095	 0.03264
2009-02-10	 54873.22443	 4.19679	 0.02476
2009-02-11	 54874.18388	 4.08270	 0.05300
2009-02-12	 54875.21859	 4.21113	 0.04109
2009-02-13	 54876.17819	 4.16819	 0.02455
2009-02-14	 54877.21325	 4.15731	 0.04291
2009-02-16	 54879.20795	 4.27113	 0.04341
2009-02-17	 54880.16848	 4.24259	 0.03711
2009-02-18	 54881.20617	 4.26352	 0.05864
2009-02-19	 54882.16317	 4.28059	 0.09181
2009-02-20	 54883.20072	 4.26838	 0.02653
2009-02-21	 54884.15759	 4.32355	 0.08688
2009-02-22	 54885.19541	 4.35298	 0.02955
2009-02-23	 54886.15231	 4.23422	 0.13668
2009-02-24	 54887.19007	 4.32989	 0.15198
2009-02-26	 54889.18447	 4.39869	 0.08442
2009-02-27	 54890.14128	 4.46540	 0.16247
2009-02-28	 54891.17902	 4.45891	 0.02678
2009-03-02	 54893.17331	 4.59698	 0.03548
2009-03-03	 54894.13066	 4.38722	 0.10209
2009-03-04	 54895.16825	 4.62618	 0.06360
2009-03-06	 54897.16249	 4.67945	 0.04455
2009-03-08	 54899.15725	 4.61646	 0.07662
2009-03-10	 54901.15196	 4.63446	 0.03571
2009-03-11	 54902.11046	 4.68262	 0.09861
2009-03-12	 54903.14822	 4.56566	 0.18301
2009-03-13	 54904.10447	 4.67238	 0.10172
2009-03-14	 54905.14287	 4.68476	 0.03768
2009-03-15	 54906.09878	 4.71218	 0.07338
2009-03-17	 54908.09428	 4.70493	 0.08164
2009-03-20	 54911.08878	 4.65125	 0.09653
2009-03-30	 54921.04998	 4.61416	 0.06909
2009-04-05	 54927.00850	 4.70420	 0.10731
2009-04-11	 54933.02666	 4.66940	 0.15303
2009-04-17	 54938.99339	 4.52748	 0.18946
2009-04-20	 54941.98112	 4.67448	 0.15674
2009-04-26	 54947.96608	 4.48905	 0.06158
2009-04-29	 54950.95630	 4.40961	 0.08755
2009-05-09	 54960.95855	 4.40110	 0.07356
2009-05-18	 54969.91861	 4.57972	 0.06722
2009-06-06	 54988.86572	 4.33074	 0.06666
2009-06-12	 54994.85661	 4.42556	 0.13038
2009-06-19	 55001.82953	 4.27866	 0.09971
2009-06-27	 55009.81124	 4.64277	 0.06725
2009-07-04	 55016.80559	 4.82907	 0.06564
2009-07-10	 55022.77567	 4.99535	 0.08425
2009-08-21	 55064.67559	 5.73115	 0.08793
2009-08-24	 55067.87368	 5.71386	 0.18449
2009-08-30	 55073.85682	 5.86686	 0.12515
2009-09-02	 55076.84169	 5.82579	 0.09082
2009-09-05	 55079.83170	 5.56390	 0.07692
2009-09-08	 55082.82648	 5.74905	 0.25802
2009-09-11	 55085.81774	 5.97433	 0.08138
2009-09-17	 55091.79956	 5.78147	 0.07992
2009-09-20	 55094.79200	 5.84835	 0.08163
2009-10-06	 55110.74725	 6.42787	 0.08879
2009-10-09	 55113.74168	 6.66410	 0.09051
2009-10-31	 55135.68569	 6.80062	 0.10182
2009-11-03	 55138.66978	 6.91145	 0.09494
2009-11-06	 55141.66637	 7.25190	 0.10019
2009-11-16	 55151.40774	 7.66566	 0.10456
2009-11-19	 55154.40058	 7.70312	 0.10458
2009-11-22	 55157.39134	 7.83006	 0.12599
2009-11-26	 55161.36618	 8.16311	 0.11398
2009-11-29	 55164.37036	 8.60305	 0.20974
2009-12-02	 55167.34737	 8.96449	 0.15531
2009-12-15	 55180.31426	 9.57591	 0.12954
2009-12-18	 55183.31323	 9.86812	 0.13393
2009-12-21	 55186.30631	 10.31939	 0.14772
2009-12-25	 55190.28649	 10.74104	 0.16776
2009-12-28	 55193.28050	 11.05322	 0.15573
2010-01-01	 55197.26553	 10.98073	 0.14898
2010-01-04	 55200.27420	 11.02731	 0.15282
2010-01-07	 55203.27890	 10.82261	 0.18790
2010-01-13	 55209.26610	 10.18207	 0.56937
2010-01-16	 55212.25110	 10.25923	 0.13885
2010-01-22	 55219.23042	 9.36442	 0.12681
2010-01-25	 55222.23187	 9.19027	 0.14439
2010-01-28	 55225.20730	 8.84636	 0.15016
2010-01-31	 55228.20433	 8.69127	 0.11813
2010-02-03	 55231.19256	 8.61328	 0.12980
2010-02-13	 55241.17808	 8.56952	 0.11992
2010-02-16	 55244.16888	 8.88915	 0.16277
2010-02-22	 55250.13499	 8.60622	 0.11982
2010-03-01	 55257.12397	 8.34251	 0.26735
2010-03-11	 55267.11036	 8.47485	 0.12736
2010-03-16	 55272.05395	 8.15659	 0.11684
2010-03-20	 55276.04056	 8.06826	 0.24377
2010-04-07	 55294.02388	 7.32155	 0.10351
2010-04-22	 55308.98870	 5.45803	 0.15121
2010-05-06	 55322.96145	 5.04047	 0.07357
2010-05-13	 55329.93921	 4.69647	 0.12236
2010-06-02	 55349.87337	 4.65880	 0.12207
2010-06-08	 55355.85090	 4.73958	 0.08944
2010-06-17	 55364.83887	 4.71336	 0.08303
2010-06-21	 55368.82142	 4.72700	 0.08274
2010-06-28	 55375.79332	 4.51812	 0.06331
2010-07-02	 55379.78149	 4.51236	 0.08257
2010-07-05	 55382.77363	 4.54977	 0.06643
2010-07-14	 55391.75475	 4.52104	 0.06386
2010-08-16	 55424.64972	 3.53772	 0.04803
2010-08-28	 55436.60466	 3.25801	 0.05648
2010-09-01	 55440.59483	 3.16195	 0.04305
2010-09-09	 55448.57372	 2.99112	 0.08151
2010-09-13	 55452.55409	 3.26966	 0.06141
2010-09-17	 55456.55141	 3.42399	 0.04686
2010-09-21	 55460.54459	 3.47098	 0.06021
2010-09-25	 55464.52104	 3.73227	 0.06479
2010-10-17	 55486.48251	 4.98938	 0.10937
2010-10-21	 55490.45187	 5.08228	 0.06892
2010-10-26	 55495.43640	 5.21478	 0.07897
2010-11-03	 55503.41435	 5.03400	 0.07612
2010-12-01	 55531.37316	 7.12384	 0.09826
2010-12-05	 55535.36425	 7.20323	 0.10269
2010-12-09	 55539.31909	 7.13697	 0.26285
2011-01-16	 55578.23304	 7.49756	 0.12295
2011-01-20	 55582.23326	 7.59424	 0.13024
2011-01-23	 55585.21028	 7.48563	 0.10140
2011-02-12	 55605.18608	 7.48708	 0.10533
2011-02-20	 55613.14762	 7.37115	 0.10221
2011-02-23	 55616.13433	 7.14879	 0.09677
2011-02-27	 55620.13962	 7.05657	 0.09648
2011-03-11	 55632.09978	 6.96110	 0.13174
2011-03-27	 55648.06237	 7.27593	 0.34803
2011-04-10	 55662.00184	 7.36898	 0.10563
2011-04-16	 55667.98730	 7.49422	 0.12028
2011-05-04	 55685.93402	 8.36949	 0.18092
2011-05-24	 55705.91770	 6.11115	 0.60322
2011-06-08	 55720.86339	 8.03313	 0.10926
2011-06-14	 55726.86605	 7.80716	 0.20487
2011-06-18	 55730.84303	 7.51639	 0.10511
2011-06-25	 55737.82961	 7.36286	 0.10413
2011-07-11	 55753.78523	 6.87899	 0.22959
2011-07-15	 55757.74986	 6.87000	 0.11496
2011-08-15	 55788.66425	 6.45388	 0.08810
2011-08-19	 55792.65225	 6.46987	 0.09047
2011-09-01	 55805.59637	 5.80782	 0.08199
2011-09-04	 55808.58032	 5.64091	 0.12116
2011-09-15	 55819.55645	 5.12435	 0.08972
2011-09-22	 55826.53828	 4.84972	 0.09552
2011-09-25	 55829.53575	 4.76608	 0.11226
2011-09-29	 55833.51973	 4.88337	 0.07432
2011-10-02	 55836.52900	 4.95305	 0.09075
2011-10-11	 55845.53565	 5.40038	 0.10182
2011-10-15	 55849.52463	 5.75071	 0.08066
2011-10-18	 55852.53913	 5.91047	 0.08756
2011-10-30	 55864.44554	 6.01519	 0.09440
2011-11-03	 55868.42391	 6.09089	 0.12339
2011-11-06	 55871.41738	 6.09808	 0.08521
2011-11-10	 55875.41532	 6.24615	 0.08545
2011-11-13	 55878.40286	 6.15549	 0.08753
2011-11-20	 55885.38250	 6.33114	 0.08893
2011-11-27	 55892.35900	 6.45903	 0.09813
2011-12-09	 55904.33892	 6.47268	 0.08799
2011-12-12	 55907.31910	 6.43376	 0.08755
2011-12-26	 55921.30214	 5.99601	 0.13450
2011-12-29	 55924.28086	 6.14122	 0.08936
2012-01-06	 55932.25890	 6.08643	 0.09496
2012-01-13	 55939.25360	 6.23759	 0.09607
2012-01-15	 55942.23399	 6.24668	 0.11873
2012-01-29	 55956.19441	 6.31246	 0.11515
2012-02-09	 55967.17824	 6.37822	 0.09039
2012-02-17	 55975.13784	 6.37383	 0.11433
2012-02-20	 55978.14637	 6.09350	 0.08346
2012-03-03	 55990.14531	 6.76441	 0.16487
2012-03-19	 56006.08316	 6.96333	 0.10408
2012-04-30	 56047.97273	 6.72681	 0.09337
2012-05-10	 56057.90086	 6.33028	 0.14374
2012-06-11	 56089.82687	 5.27732	 0.09839
2012-06-14	 56092.81906	 5.23559	 0.09037
2012-06-29	 56107.84881	 5.08347	 0.16897
2012-07-09	 56117.80363	 4.84508	 0.08823
2012-08-24	 56163.67959	 4.48487	 0.07318
2012-09-01	 56171.87672	 4.68544	 0.07930
2012-09-02	 56172.82262	 4.66429	 0.10078
2012-09-07	 56177.57899	 4.55574	 0.12940
2012-09-10	 56180.56767	 4.50968	 0.11936
2012-09-13	 56183.59034	 4.70998	 0.06376
2012-09-18	 56188.57416	 4.65854	 0.08742
2012-09-22	 56192.78663	 4.80114	 0.06754
2012-10-01	 56201.54282	 4.72282	 0.07583
2012-10-04	 56204.52206	 4.67913	 0.06968
2012-10-07	 56207.70943	 4.83790	 0.09714
2012-10-14	 56214.54852	 4.85007	 0.06693
2012-10-21	 56221.46819	 4.75198	 0.06445
2012-10-27	 56227.49725	 4.87118	 0.06609
2012-10-28	 56228.45207	 4.80673	 0.07401
2012-11-08	 56239.42194	 4.75774	 0.06761
2012-11-13	 56244.40579	 4.65110	 0.07485
2012-11-27	 56258.39811	 4.06736	 0.05589
2012-12-01	 56262.36285	 3.75021	 0.05989
2012-12-06	 56267.33168	 3.68287	 0.08353
2012-12-12	 56273.35978	 3.62782	 0.04928
2012-12-16	 56277.34050	 3.78374	 0.05224
2012-12-21	 56282.34417	 3.57942	 0.04861
2013-01-03	 56295.28788	 3.55790	 0.05450
2013-01-08	 56301.22821	 3.56889	 0.02156
2013-01-09	 56301.35238	 3.70770	 0.02313
2013-01-09	 56301.50561	 3.57342	 0.07071
2013-01-18	 56311.20498	 3.46623	 0.04160
2013-01-19	 56311.31840	 3.55745	 0.02162
2013-01-19	 56311.47608	 3.49225	 0.02260
2013-01-30	 56323.20155	 3.88927	 0.06954
2013-02-14	 56337.37442	 4.19288	 0.06547
2013-02-16	 56340.13675	 4.54037	 0.10303
2013-03-10	 56362.11231	 5.43474	 0.15334
2013-03-14	 56365.31346	 5.57733	 0.08336
2013-04-03	 56386.07437	 5.87846	 0.14095
2013-04-24	 56406.24104	 4.75906	 0.07310
2013-04-25	 56407.94373	 4.74132	 0.07264
2013-05-02	 56414.92488	 4.69022	 0.06370
2013-05-23	 56435.88344	 4.07774	 0.05871
2013-06-17	 56460.88032	 4.12173	 0.11893
2013-06-24	 56467.82170	 4.28486	 0.14260
2013-06-26	 56469.82998	 4.33897	 0.10372
2013-06-27	 56470.81862	 4.35424	 0.08895
2013-07-04	 56477.81193	 4.60491	 0.10027
2013-07-14	 56487.76716	 4.68211	 0.13307
2013-08-14	 56518.63816	 5.07430	 0.07531
2013-08-15	 56519.69609	 5.17138	 0.07370
2013-08-18	 56522.64125	 5.19984	 0.10759
2013-09-10	 56545.84784	 5.13268	 0.06964
2013-09-15	 56550.54543	 4.62275	 0.08396
2013-09-19	 56554.57881	 4.49730	 0.06173
2013-09-25	 56560.52567	 4.31549	 0.29332
2013-09-26	 56561.55269	 4.54119	 0.07938
2013-09-29	 56564.50556	 4.46520	 0.06514
2013-10-02	 56567.51715	 4.43995	 0.07037
2013-10-06	 56571.49000	 4.37815	 0.05927
2013-10-16	 56581.50192	 3.98167	 0.07192
2013-10-19	 56584.46454	 4.04914	 0.06376
2013-10-20	 56585.47839	 4.04688	 0.07569
2013-10-29	 56594.44435	 4.23932	 0.07000
2013-10-31	 56596.50668	 4.32141	 0.05987
2013-11-03	 56599.47675	 4.41902	 0.06034
2013-11-08	 56604.47096	 4.90626	 0.08953
2013-11-10	 56606.41611	 4.75591	 0.06438
2013-11-16	 56612.42042	 4.92124	 0.06769
2013-11-17	 56613.37038	 4.81060	 0.08976
2013-11-26	 56622.39067	 4.57004	 0.06264
2013-12-01	 56627.62132	 4.26583	 0.06224
2013-12-05	 56631.35962	 4.10847	 0.05572
2013-12-14	 56640.33110	 3.92660	 0.07984
2013-12-17	 56643.34462	 3.68014	 0.15997
2013-12-24	 56650.28978	 3.43930	 0.05338
2013-12-27	 56653.28510	 3.38981	 0.05460
2014-01-16	 56673.26127	 2.81938	 0.05306
2014-01-19	 56677.22955	 2.90581	 0.06042
2014-01-24	 56682.23763	 2.90243	 0.04576
2014-01-28	 56686.21344	 2.95485	 0.04361
2014-01-29	 56687.18141	 2.87463	 0.06683
2014-02-05	 56694.17940	 2.89307	 0.04989
2014-02-06	 56695.19149	 2.80089	 0.04558
2014-02-14	 56702.41981	 2.80967	 0.05331
2014-02-16	 56705.12160	 2.94777	 0.04438
2014-02-21	 56710.12933	 3.04684	 0.04340
2014-02-25	 56714.14338	 3.02237	 0.05623
2014-03-14	 56730.33753	 2.86518	 0.07254
2014-03-17	 56733.30992	 2.84248	 0.04162
2014-03-24	 56740.31291	 2.78585	 0.04494
2014-04-01	 56749.05892	 2.96528	 0.08123
2014-04-04	 56751.29382	 2.95112	 0.10796
2014-04-09	 56756.98416	 3.25681	 0.04937
2014-04-16	 56763.96363	 3.51238	 0.06889
2014-04-29	 56776.98209	 4.03336	 0.06611
2014-05-08	 56785.91492	 4.03574	 0.15473
2014-05-15	 56792.91888	 4.76574	 0.08714
2014-06-30	 56838.80201	 5.43063	 0.14786
2014-07-12	 56850.76397	 5.53254	 0.14523
2014-08-15	 56884.72053	 4.31732	 0.11698
2014-08-16	 56885.66970	 4.83933	 0.10701
2014-08-21	 56890.66913	 4.58499	 0.10024
2014-08-26	 56895.65656	 4.79033	 0.10606
2014-08-31	 56900.61067	 4.83589	 0.13455
2014-09-09	 56909.60681	 4.84272	 0.11342
2014-09-14	 56914.60831	 4.81613	 0.10768
2014-09-30	 56930.56291	 5.11898	 0.09247
2014-10-04	 56934.54860	 5.11819	 0.09335
2014-10-08	 56938.53978	 5.24413	 0.09607
2014-10-16	 56946.49523	 5.36779	 0.11182
2014-10-20	 56950.50435	 5.34968	 0.09964
2014-11-02	 56963.47184	 5.99541	 0.11732
2014-11-07	 56968.45660	 5.80698	 0.10577
2014-11-11	 56972.43285	 6.25135	 0.11432
2014-11-15	 56976.41296	 5.99502	 0.11032
2014-11-20	 56981.40093	 5.86716	 0.10481
2014-12-01	 56992.37512	 5.64119	 0.11166
2014-12-14	 57005.35589	 5.59046	 0.10004
2014-12-24	 57015.32828	 5.49565	 0.10214
2014-12-29	 57020.31270	 5.50683	 0.09936
2015-01-18	 57040.25359	 6.09888	 0.10962
2015-02-12	 57066.15164	 6.33865	 0.12388
2015-02-22	 57076.10690	 6.27282	 0.12046
2015-03-01	 57083.14228	 6.28416	 0.11384
2015-03-07	 57089.12590	 5.64651	 0.10298
2015-03-17	 57099.09457	 5.23333	 0.10121
2015-04-29	 57141.99281	 5.17007	 0.07704
2015-05-22	 57164.98965	 4.54051	 0.09014
2015-05-27	 57169.89814	 4.03964	 0.18044
2015-05-28	 57171.09584	 4.24506	 0.05435
2015-06-02	 57175.91247	 3.79428	 0.06316
2015-06-02	 57176.13603	 3.82671	 0.09653
2015-06-24	 57197.80072	 3.41277	 0.03572
2015-07-10	 57213.77138	 3.34103	 0.04562
2015-07-14	 57217.76051	 3.49545	 0.03821
2015-08-17	 57251.64156	 4.46883	 0.11829
2015-08-20	 57254.63705	 4.37821	 0.11171
2015-08-24	 57258.60914	 4.43078	 0.11526
2015-08-27	 57261.62887	 4.36722	 0.11096
2015-08-31	 57265.61840	 4.62474	 0.12133
2015-09-10	 57275.83264	 4.11836	 0.11205
2015-09-13	 57278.60341	 4.11616	 0.10515
2015-09-19	 57284.55488	 3.97214	 0.10910
2015-09-26	 57291.55999	 3.81922	 0.10156
2015-09-30	 57295.52365	 3.65008	 0.09264
2015-10-01	 57296.51832	 3.58510	 0.09290
2015-10-08	 57303.82356	 3.07252	 0.06936
2015-10-09	 57304.51925	 3.10029	 0.08016
2015-10-25	 57320.52803	 2.87534	 0.07501
2015-11-29	 57355.34424	 3.10299	 0.03796
2015-12-03	 57359.33337	 3.19906	 0.03906
2015-12-12	 57368.30873	 3.51729	 0.04291
2015-12-17	 57373.29505	 3.65151	 0.04475
2015-12-20	 57376.28693	 3.57263	 0.04834
2015-12-24	 57380.29130	 3.64646	 0.04732
2015-12-24	 57380.31153	 3.65411	 0.04508
2016-01-04	 57391.27104	 3.41214	 0.05416
2016-01-11	 57399.24251	 3.26737	 0.03980
2016-01-26	 57414.21777	 3.45180	 0.04205
2016-02-03	 57422.20023	 3.21065	 0.03934
2016-02-11	 57430.18549	 3.21014	 0.04074
2016-02-16	 57435.17633	 3.31062	 0.04188
2016-02-24	 57443.13978	 3.53373	 0.04417
2016-02-29	 57448.13250	 3.62138	 0.04520
2016-05-26	 57535.08905	 4.79575	 0.05867
2016-06-02	 57542.06642	 4.84528	 0.05907
2016-06-18	 57557.79935	 5.22320	 0.06513
2016-06-22	 57561.77703	 5.25545	 0.06932
2016-07-04	 57573.76734	 5.92073	 0.07461
2016-07-10	 57579.80663	 5.63232	 0.09744
2016-08-18	 57618.63096	 7.34084	 0.08973
2016-08-21	 57621.62951	 7.21922	 0.09239
2016-08-27	 57627.59471	 7.03336	 0.08778
2016-09-02	 57633.59795	 6.84231	 0.08346
2016-09-05	 57636.62677	 6.98157	 0.08898
2016-09-09	 57640.57294	 7.21232	 0.08947
2016-09-15	 57646.56190	 7.22284	 0.08848
2016-09-16	 57647.55572	 7.16667	 0.08753
2016-09-22	 57653.56345	 6.93943	 0.08468
2016-09-24	 57655.52630	 6.71218	 0.08215
2016-10-04	 57665.55543	 6.66468	 0.07112
2016-10-04	 57665.71411	 6.59812	 0.05638
2016-10-05	 57666.51855	 6.59045	 0.06535
2016-10-08	 57669.52832	 6.55587	 0.08468
2016-10-13	 57674.50856	 6.53181	 0.08032
2016-10-21	 57682.47693	 6.60762	 0.08097
2016-10-25	 57686.44714	 6.63946	 0.08103
2016-11-09	 57701.39126	 6.41923	 0.07876
2016-11-10	 57702.41910	 6.47664	 0.07918
2016-11-15	 57707.41782	 6.59040	 0.08043
2016-11-24	 57716.38455	 6.15512	 0.08289
2016-12-05	 57727.33747	 6.24451	 0.07657
2016-12-06	 57728.54951	 6.21907	 0.07579
2016-12-12	 57734.36286	 6.31897	 0.07715
2016-12-14	 57736.33965	 6.45604	 0.08372
2016-12-20	 57742.34005	 7.10682	 0.08885
2016-12-27	 57749.26936	 6.92656	 0.08452
2016-12-28	 57750.26969	 7.00963	 0.08535
2017-01-15	 57769.21188	 7.21427	 0.08964
2017-01-17	 57771.23207	 7.26911	 0.08842
2017-01-19	 57773.24560	 7.22483	 0.08813
2017-02-02	 57787.17777	 8.52547	 0.10618
2017-02-06	 57791.16201	 9.28687	 0.11320
2017-02-24	 57809.11872	 9.53560	 0.11716
2017-02-28	 57813.10060	 9.61645	 0.11890
2017-05-10	 57883.91204	 7.75470	 0.09582
2017-05-22	 57895.93984	 7.40524	 0.09413
2017-05-26	 57899.85321	 7.60398	 0.09263
2017-05-27	 57900.94248	 7.50576	 0.09233
2017-06-05	 57909.82141	 8.00356	 0.09744
2017-06-12	 57916.80358	 7.81707	 0.09686
2017-07-11	 57945.74106	 7.83994	 0.09589
2017-07-14	 57948.71404	 7.91564	 0.09840
2017-07-15	 57949.73052	 7.97731	 0.09721
2017-08-25	 57990.66094	 5.66514	 0.07502
2017-08-31	 57996.58559	 5.68019	 0.06954
2017-09-07	 58003.57297	 5.22317	 0.06628
2017-09-10	 58006.57341	 5.13641	 0.06414
2017-09-11	 58007.57243	 5.15805	 0.06778
2017-09-18	 58014.55713	 5.17704	 0.06523
2017-09-19	 58015.57549	 5.26634	 0.07292
2017-09-25	 58021.59838	 5.00618	 0.06111
2017-09-29	 58025.53243	 5.03939	 0.06181
2017-10-01	 58027.56307	 5.03547	 0.06212
2017-10-17	 58043.47591	 4.86266	 0.06115
2017-10-26	 58052.44171	 3.51024	 0.05202
2017-10-31	 58057.46687	 4.24215	 0.05348
2017-11-01	 58058.43318	 4.22398	 0.05175
2017-11-06	 58063.44647	 4.40893	 0.05572
2017-11-08	 58065.41172	 4.49745	 0.05546
2017-11-16	 58073.62307	 4.24733	 0.05348
2017-11-21	 58078.37025	 4.54042	 0.05593
2017-11-25	 58082.57356	 5.01832	 0.06183
2017-11-26	 58083.37913	 5.02229	 0.06563
2017-12-10	 58097.31785	 5.33806	 0.06634
2017-12-13	 58100.30120	 5.42676	 0.06917
2017-12-23	 58110.28500	 6.37771	 0.07766
2018-01-05	 58123.26275	 7.20855	 0.09683
2018-01-12	 58131.22289	 6.76837	 0.08425
2018-01-17	 58136.23543	 7.04221	 0.08892
2018-01-27	 58146.19705	 7.30278	 0.09230
2018-02-01	 58151.22199	 7.47571	 0.09100
2018-02-02	 58152.17550	 7.36977	 0.09548
2018-02-07	 58157.19990	 7.57537	 0.10052
2018-02-22	 58172.12433	 7.72235	 0.09427
2018-02-25	 58175.10931	 7.62892	 0.10384
2018-04-04	 58213.05501	 7.67571	 0.11442
2018-05-03	 58241.94189	 6.27331	 0.07642
2018-05-29	 58267.86832	 6.27317	 0.08769
2018-06-17	 58286.80389	 6.31670	 0.08002
2018-06-18	 58287.81948	 6.08141	 0.07518
2018-06-21	 58290.80419	 6.34940	 0.08561
2018-07-07	 58306.74731	 6.17885	 0.07780
2018-07-09	 58308.77992	 6.36937	 0.07842
2018-10-10	 58401.51142	 6.60680	 0.08258
2018-10-13	 58404.48493	 6.37872	 0.07913
2018-10-24	 58415.43866	 6.17758	 0.07911
2018-10-27	 58418.42916	 6.12220	 0.07458
2018-10-28	 58419.46278	 6.08921	 0.07709
2018-11-02	 58424.44332	 5.99328	 0.07334
2018-11-06	 58428.68385	 6.11084	 0.07522
2018-11-15	 58437.38866	 6.32833	 0.08133
2018-11-17	 58439.39289	 6.30003	 0.07761
2018-12-04	 58456.38279	 6.40927	 0.08385
2018-12-11	 58463.32950	 6.67171	 0.08211
2018-12-14	 58466.33451	 6.71656	 0.08233
2018-12-19	 58471.30546	 6.62654	 0.08252
2018-12-20	 58472.29731	 6.77826	 0.08527
2019-01-08	 58491.30582	 6.76291	 0.08233
2019-01-11	 58494.28199	 6.47977	 0.08051
2019-01-17	 58501.22088	 6.27447	 0.07657
2019-01-18	 58502.22829	 6.31325	 0.08723
2019-01-26	 58510.22578	 5.90328	 0.07300
2019-04-23	 58596.97703	 5.56038	 0.09253
2019-04-28	 58601.94853	 5.96927	 0.07525
2019-05-01	 58604.93351	 5.90205	 0.07386
2019-05-04	 58607.94486	 5.84691	 0.07468
2019-05-29	 58632.87479	 5.94450	 0.07330
2019-06-11	 58645.80409	 6.52319	 0.08111
2019-06-18	 58652.82396	 6.37453	 0.07873
2019-06-19	 58653.80935	 6.53978	 0.09542
2019-06-25	 58659.78810	 6.53166	 0.08074
2019-06-27	 58661.82888	 6.73502	 0.08783
2019-07-02	 58666.76375	 6.74624	 0.08228
2019-07-05	 58669.77362	 6.38722	 0.08335
2019-07-08	 58672.80206	 6.44581	 0.07855
2019-07-12	 58676.72718	 6.11825	 0.07614
2019-07-15	 58679.77478	 5.95195	 0.07285
2019-07-17	 58681.75333	 5.86473	 0.07142
2019-08-15	 58710.68924	 5.14134	 0.06325
2019-08-26	 58721.67259	 4.91812	 0.06872
2019-09-10	 58736.60470	 5.00932	 0.06150
2019-09-23	 58749.52159	 4.82069	 0.06785
2019-09-27	 58753.54477	 4.62581	 0.03602
2019-09-28	 58754.52218	 4.60266	 0.03698
2019-10-13	 58769.48175	 4.45172	 0.03550
2019-10-14	 58770.48138	 4.47645	 0.05949
2019-10-15	 58771.48830	 4.42602	 0.10309
2019-10-16	 58772.47631	 4.48881	 0.04874
2019-10-19	 58775.45601	 4.47567	 0.04214
2019-10-21	 58777.46017	 4.38975	 0.03867
2019-10-30	 58786.41976	 4.28838	 0.03369
2019-11-01	 58788.45851	 4.36054	 0.03523
2019-11-03	 58790.41479	 4.33964	 0.08537
2019-11-04	 58791.40898	 4.32818	 0.04210
2019-11-07	 58794.40053	 4.37237	 0.06976
2019-11-09	 58796.40605	 4.28390	 0.03660
2019-11-11	 58798.40066	 4.32975	 0.06081
2019-11-15	 58802.38970	 4.38353	 0.05229
2019-11-24	 58811.38692	 4.61055	 0.06005
2019-12-09	 58826.33087	 4.66440	 0.05712
2019-12-10	 58827.38679	 4.61816	 0.05890
2019-12-25	 58842.26779	 5.03527	 0.06131
2019-12-30	 58847.30175	 5.22847	 0.06424
2020-01-04	 58852.26285	 5.53948	 0.07157
2020-01-15	 58863.25169	 5.77914	 0.07237
2020-01-20	 58869.22186	 5.93113	 0.07330
2020-01-25	 58874.22697	 5.68747	 0.06934
2020-01-26	 58875.19655	 5.65115	 0.06909
